callerProcess_9500 will create 4 process.

caller_Process_9500: 0th process created as pid:9530
caller_Process_9500: 1th process created as pid:9531
caller_Process_9500: 2th process created as pid:9532
caller_Process_9500: 3th process created as pid:9533
caller_Process_9500 ends for-fork loop.
exit by9500
callerProcess_9500 will create 4 process.

caller_Process_9500: 0th process created as pid:9530
child process 1 start entry entered
1	13	1
1	14	2
1	15	3
1	16	4
1	17	5
1	18	6
1	19	7
1	20	8
1	45	9
1	46	10
1	47	11
1	48	12
1	49	13
1	50	14
1	51	15
1	75	16
1	76	17
1	77	18
1	78	19
1	79	20
1	93	21
1	94	22
1	95	23
1	96	24
1	97	25
1	98	26
1	99	27
1	100	28
1	133	29
1	134	30
1	135	31
1	136	32
1	137	33
1	138	34
1	139	35
1	140	36
1	165	37
1	166	38
1	167	39
1	168	40
1	169	41
1	170	42
1	171	43
1	172	44
1	201	45
1	202	46
1	203	47
1	204	48
1	205	49
1	206	50
1	207	51
1	208	52
1	227	53
1	236	54
1	237	55
1	238	56
1	239	57
1	240	58
1	241	59
1	242	60
1	243	61
1	268	62
1	269	63
1	270	64
1	271	65
1	272	66
1	273	67
1	274	68
1	275	69
1	276	70
1	301	71
1	302	72
1	303	73
1	304	74
1	305	75
1	306	76
1	307	77
1	308	78
1	327	79
1	328	80
1	337	81
1	338	82
1	339	83
1	340	84
1	341	85
1	342	86
1	361	87
1	362	88
1	363	89
1	364	90
1	365	91
1	366	92
1	367	93
1	368	94
1	393	95
1	394	96
1	395	97
1	396	98
1	397	99
1	398	100
1:9531 process exits
callerProcess_9500 will create 4 process.

caller_Process_9500: 0th process created as pid:9530
caller_Process_9500: 1th process created as pid:9531
caller_Process_9500: 2th process created as pid:9532
child process 3 start entry entered
3	2	1
3	4	2
3	20	3
3	21	4
3	22	5
3	23	6
3	24	7
3	25	8
3	26	9
3	27	10
3	28	11
3	53	12
3	54	13
3	55	14
3	56	15
3	57	16
3	58	17
3	59	18
3	80	19
3	81	20
3	82	21
3	100	22
3	101	23
3	104	24
3	105	25
3	106	26
3	107	27
3	108	28
3	125	29
3	126	30
3	127	31
3	128	32
3	129	33
3	130	34
3	131	35
3	132	36
3	157	37
3	158	38
3	159	39
3	160	40
3	161	41
3	162	42
3	163	43
3	192	44
3	193	45
3	194	46
3	195	47
3	197	48
3	198	49
3	199	50
3	200	51
3	225	52
3	226	53
3	229	54
3	229	55
3	230	56
3	231	57
3	232	58
3	233	59
3	234	60
3	235	61
3	260	62
3	261	63
3	262	64
3	263	65
3	264	66
3	265	67
3	266	68
3	267	69
3	268	70
3	293	71
3	294	72
3	295	73
3	296	74
3	297	75
3	298	76
3	299	77
3	300	78
3	325	79
3	326	80
3	329	81
3	330	82
3	331	83
3	332	84
3	333	85
3	334	86
3	335	87
3	336	88
3	370	89
3	371	90
3	372	91
3	372	92
3	373	93
3	374	94
3	375	95
3	398	96
3	399	97
3	400	98
3	401	99
3	402	100
3:9533 process exits
callerProcess_9500 will create 4 process.

caller_Process_9500: 0th process created as pid:9530
caller_Process_9500: 1th process created as pid:9531
child process 2 start entry entered
2	6	1
2	7	2
2	8	3
2	9	4
2	10	5
2	11	6
2	12	7
2	37	8
2	38	9
2	39	10
2	40	11
2	41	12
2	42	13
2	43	14
2	68	15
2	69	16
2	70	17
2	71	18
2	72	19
2	73	20
2	74	21
2	86	22
2	87	23
2	88	24
2	89	25
2	90	26
2	91	27
2	92	28
2	117	29
2	118	30
2	119	31
2	120	32
2	121	33
2	122	34
2	124	35
2	149	36
2	150	37
2	151	38
2	152	39
2	153	40
2	154	41
2	155	42
2	156	43
2	185	44
2	186	45
2	187	46
2	188	47
2	189	48
2	190	49
2	191	50
2	192	51
2	217	52
2	218	53
2	219	54
2	220	55
2	221	56
2	222	57
2	223	58
2	224	59
2	253	60
2	254	61
2	255	62
2	256	63
2	257	64
2	258	65
2	259	66
2	260	67
2	285	68
2	286	69
2	287	70
2	288	71
2	289	72
2	290	73
2	291	74
2	292	75
2	317	76
2	318	77
2	319	78
2	320	79
2	321	80
2	322	81
2	323	82
2	324	83
2	347	84
2	348	85
2	349	86
2	350	87
2	351	88
2	352	89
2	377	90
2	378	91
2	379	92
2	380	93
2	381	94
2	382	95
2	383	96
2	384	97
2	402	98
2	403	99
2	404	100
2:9532 process exits
callerProcess_9500 will create 4 process.

child process 0 start entry entered
0	29	1
0	30	2
0	31	3
0	32	4
0	33	5
0	34	6
0	35	7
0	60	8
0	61	9
0	62	10
0	63	11
0	64	12
0	65	13
0	66	14
0	67	15
0	83	16
0	84	17
0	85	18
0	103	19
0	108	20
0	109	21
0	110	22
0	111	23
0	112	24
0	113	25
0	114	26
0	115	27
0	116	28
0	141	29
0	142	30
0	143	31
0	144	32
0	145	33
0	146	34
0	147	35
0	172	36
0	173	37
0	174	38
0	176	39
0	177	40
0	178	41
0	179	42
0	180	43
0	181	44
0	182	45
0	183	46
0	184	47
0	209	48
0	210	49
0	211	50
0	212	51
0	213	52
0	214	53
0	215	54
0	216	55
0	245	56
0	246	57
0	247	58
0	249	59
0	250	60
0	251	61
0	252	62
0	277	63
0	278	64
0	279	65
0	280	66
0	281	67
0	282	68
0	283	69
0	284	70
0	309	71
0	310	72
0	311	73
0	312	74
0	313	75
0	314	76
0	315	77
0	316	78
0	343	79
0	344	80
0	345	81
0	353	82
0	353	83
0	354	84
0	355	85
0	356	86
0	357	87
0	358	88
0	359	89
0	360	90
0	385	91
0	386	92
0	387	93
0	388	94
0	389	95
0	390	96
0	391	97
0	392	98
0	405	99
0	406	100
0:9530 process exits
